unixTime,airHum,airTemp,wind,soilHum,soilTemp,light,(water on/off)
1629977270,40.00,25.70,37,1.26,14.38,65535
1629977331,40.10,25.60,38,1.25,14.44,65535
1629977392,40.10,25.90,39,1.29,14.44,65535
1629977453,39.30,25.90,38,1.30,14.44,65535
1629977513,39.30,26.10,37,1.28,14.50,65535
1629977574,39.70,26.40,34,1.27,14.50,65535
1629977635,38.40,26.90,38,1.26,14.50,65535
1629977696,38.70,27.50,35,1.27,14.56,65535
1629977756,38.70,28.10,42,1.25,14.56,65535
1629977817,35.80,28.10,38,1.24,14.56,65535
1629977878,35.70,28.70,36,1.26,14.63,65535
1629977938,35.90,29.20,36,1.24,14.63,65535
1629977999,35.30,29.70,37,1.25,14.69,65535
1629978060,34.20,29.00,36,1.23,14.69,65535
1629978121,35.80,29.30,34,1.23,14.69,65535
1629978181,34.60,29.80,38,1.25,14.69,65535
1629978242,35.10,29.90,33,1.25,14.69,65535
1629978303,35.70,30.60,38,1.24,14.75,65535
1629978364,33.40,30.90,36,1.24,14.75,65535
1629978424,32.30,30.90,38,1.24,14.81,65535
1629978485,31.20,31.10,35,1.26,14.81,65535
1629978546,32.40,31.10,37,1.25,14.81,65535
1629978607,32.10,31.40,34,1.28,14.81,65535
1629978667,33.10,31.80,34,1.30,14.88,65535
1629978728,31.90,32.00,35,1.26,14.88,65535
1629978789,31.20,31.80,33,1.31,14.88,65535
1629978850,33.50,32.00,36,1.24,14.88,65535
1629978910,30.80,32.10,35,1.25,14.94,65535
1629978971,31.30,31.80,36,1.31,14.94,65535
1629979032,30.30,31.70,44,1.27,14.94,65535
1629979092,31.70,30.10,39,1.30,14.94,65535
1629979153,32.80,29.30,39,1.26,15.00,65535
1629979214,34.00,28.80,39,1.28,15.00,65535
1629979275,34.30,28.30,35,1.27,15.00,65535
1629979335,34.80,28.80,33,1.27,15.06,65535
1629979396,33.30,29.50,33,1.26,15.06,65535
1629979457,31.50,30.50,36,1.27,15.06,65535
1629979518,31.80,31.30,33,1.27,15.13,65535
1629979578,33.10,32.40,38,1.28,15.13,65535
1629979639,31.00,32.40,37,1.29,15.19,65535
1629979700,31.60,32.20,39,1.29,15.19,65535
1629979761,31.20,32.20,37,1.29,15.19,65535
1629979821,31.50,32.40,36,1.30,15.25,65535
1629979882,30.40,32.30,40,1.30,15.25,65535
1629979943,29.90,32.60,36,1.30,15.25,65535
1629980004,30.60,32.40,36,1.30,15.31,65535
1629980064,29.50,32.60,36,1.31,15.31,65535
1629980125,30.00,32.70,33,1.30,15.31,65535
1629980186,29.60,33.00,33,1.30,15.38,65535
1629980246,28.90,33.50,34,1.30,15.38,65535
1629980307,30.20,34.40,34,1.30,15.38,65535
1629980368,28.90,35.10,33,1.31,15.44,65535
1629980429,29.40,34.80,34,1.31,15.44,65535
1629980489,28.70,34.40,43,1.31,15.44,65535
1629980550,28.30,32.50,34,1.30,15.44,65535
1629980611,29.60,32.70,33,1.30,15.44,65535
1629980672,29.90,32.90,35,1.32,15.50,65535
1629980732,29.50,32.60,42,1.29,15.50,65535
1629980793,29.20,31.40,35,1.30,15.50,65535
1629980854,30.80,31.00,34,1.30,15.50,65535
1629980915,32.40,31.30,33,1.29,15.56,65535
1629980975,30.80,31.80,33,1.31,15.56,65535
1629981036,29.30,31.70,34,1.31,15.56,65535
1629981097,31.10,31.90,33,1.31,15.56,65535
1629981158,31.60,31.70,36,1.29,15.63,65535
1629981218,32.20,31.40,35,1.27,15.63,65535
1629981279,32.60,31.70,37,1.30,15.63,65535
1629981340,31.10,32.00,33,1.27,15.63,65535
1629981400,29.80,32.60,34,1.29,15.69,65535
1629981461,30.70,33.20,33,1.28,15.69,65535
1629981522,28.20,33.80,33,1.28,15.69,65535
1629981583,28.10,33.90,33,1.29,15.69,65535
1629981643,30.00,33.90,33,1.28,15.69,65535
1629981704,29.20,34.70,35,1.29,15.75,65535
1629981765,28.30,35.00,35,1.31,15.75,65535
1629981826,28.20,34.90,33,1.32,15.75,65535
1629981886,28.20,34.70,36,1.31,15.75,65535
1629981947,29.00,34.40,35,1.32,15.75,65535
1629982008,28.60,34.10,35,1.32,15.75,65535
1629982069,29.10,34.00,33,1.33,15.75,65535
1629982129,29.50,33.90,34,1.33,15.75,65535
1629982190,28.70,33.30,35,1.32,15.75,65535
1629982251,29.50,33.10,34,1.33,15.81,65535
1629982311,29.00,32.70,34,1.32,15.81,65535
1629982372,29.90,32.10,33,1.32,15.81,65535
1629982433,31.50,32.10,33,1.32,15.81,65535
1629982494,30.10,31.80,33,1.32,15.81,65535
1629982554,32.40,31.40,33,1.32,15.81,65535
1629982615,31.70,31.10,35,1.31,15.81,65535
1629982676,31.90,30.60,34,1.31,15.88,65535
1629982737,31.80,30.40,35,1.31,15.81,65535
1629982797,30.80,30.10,35,1.32,15.88,65535
1629982858,33.30,29.70,41,1.31,15.88,65535
1629982919,31.50,29.20,41,1.31,15.88,65535
1629982980,33.30,28.70,35,1.31,15.88,65535
1629983040,34.40,28.50,38,1.31,15.88,65535
1629983101,34.90,28.30,35,1.31,15.88,65535
1629983162,34.80,28.20,35,1.31,15.88,65535
1629983222,34.60,28.40,35,1.31,15.88,65535
1629983283,33.70,28.20,34,1.32,15.88,65535
1629983344,33.20,27.90,36,1.32,15.88,65535
1629983405,32.60,27.50,33,1.32,15.88,65535
1629983465,34.10,27.30,33,1.32,15.88,65535
1629983526,34.40,27.10,34,1.32,15.88,65535
1629983587,34.10,27.10,33,1.32,15.88,65535
1629983648,36.80,27.00,33,1.30,15.88,65535
1629983708,35.80,26.80,33,1.29,15.88,65535
1629983769,36.70,27.10,34,1.29,15.88,65535
1629983830,36.00,27.20,33,1.31,15.94,65535
1629983890,34.70,27.30,35,1.31,15.88,65535
1629983951,35.20,27.20,33,1.31,15.88,65535
1629984012,35.00,27.20,35,1.31,15.88,65535
1629984073,34.90,27.50,35,1.31,15.94,65535
1629984133,37.40,27.50,34,1.32,15.94,65535
1629984194,35.20,27.50,33,1.32,15.88,65535
1629984255,34.80,27.40,34,1.31,15.88,65535
1629984316,34.50,27.40,39,1.32,15.88,65535
1629984376,33.70,27.30,36,1.32,15.94,65535
1629984437,34.00,26.90,35,1.32,15.88,65535
1629984498,35.40,26.70,33,1.32,15.88,65535
1629984558,33.90,26.60,34,1.32,15.88,65535
1629984619,35.80,26.40,33,1.32,15.88,65535
1629984680,36.30,26.30,33,1.32,15.88,65535
1629984741,37.80,26.40,34,1.32,15.88,65535
1629984801,35.60,26.40,36,1.32,15.88,65535
1629984862,34.90,26.10,33,1.32,15.88,65535
1629984923,39.10,25.90,33,1.32,15.88,65535
1629984984,36.50,25.90,33,1.32,15.88,65535
1629985044,36.40,25.70,10,1.32,15.88,65535
1629985105,37.40,25.70,11,1.32,15.88,65535
1629985166,37.20,25.70,11,1.32,15.88,65535
1629985226,36.70,25.80,6,1.32,15.88,65535
1629985287,36.30,25.70,5,1.32,15.88,65535
1629985348,37.50,25.70,5,1.32,15.88,65535
1629985409,37.00,25.60,6,1.32,15.88,65535
1629985469,37.00,25.50,5,1.32,15.88,65535
1629985530,36.10,25.40,5,1.32,15.88,65535
1629985591,36.70,25.30,4,1.32,15.81,65535
1629985652,37.60,25.30,4,1.32,15.88,65535
1629985712,40.80,25.40,4,1.32,15.88,65535
1629985773,39.10,25.60,6,1.32,15.81,65535
1629985834,36.50,25.70,5,1.32,15.81,65535
1629985894,36.20,25.60,6,1.32,15.81,65535
1629985955,37.60,25.70,6,1.32,15.81,65535
1629986016,35.40,25.70,5,1.32,15.81,65535
1629986077,34.40,25.60,8,1.32,15.81,65535
1629986137,34.50,25.40,8,1.32,15.81,65535
1629986198,34.50,25.30,7,1.32,15.81,65535
1629986259,34.30,25.30,6,1.32,15.81,65535
1629986320,34.90,25.30,4,1.33,15.81,65535
1629986380,35.90,25.40,5,1.33,15.81,65535
1629986441,36.80,25.60,6,1.32,15.81,65535
1629986502,36.50,25.90,7,1.32,15.81,65535
1629986562,35.00,25.70,5,1.32,15.81,65535
1629986623,37.20,25.70,7,1.32,15.81,65535
1629986684,36.90,25.80,5,1.32,15.81,65535
1629986745,34.80,26.00,6,1.33,15.75,65535
1629986805,35.60,26.00,18,1.32,15.75,65535
1629986866,34.10,26.10,34,1.32,15.75,65535
1629986927,33.90,26.00,35,1.32,15.75,65535
1629986988,34.40,26.10,40,1.32,15.75,65535
1629987048,33.60,25.90,33,1.32,15.75,65535
1629987109,35.00,25.90,38,1.33,15.75,65535
1629987170,33.60,25.80,19,1.33,15.75,65535
1629987230,33.40,25.40,13,1.33,15.75,65535
1629987291,34.30,25.30,13,1.32,15.75,65535
1629987352,34.20,25.30,13,1.32,15.75,65535
1629987413,34.80,25.30,14,1.33,15.69,65535
1629987473,34.60,25.10,14,1.33,15.75,65535
1629987534,33.80,25.10,15,1.32,15.69,65535
1629987595,35.20,24.90,17,1.32,15.69,65535
1629987655,34.20,24.90,15,1.33,15.69,65535
1629987716,35.30,24.80,15,1.33,15.69,65535
1629987777,35.40,24.80,12,1.33,15.69,65535
1629987838,35.00,24.80,15,1.33,15.69,65535
1629987898,35.30,24.80,17,1.33,15.69,65535
1629987959,35.10,24.70,12,1.33,15.69,65535
1629988020,35.60,24.60,12,1.33,15.69,65535
1629988081,36.30,24.50,12,1.33,15.63,65535
1629988141,35.50,24.50,12,1.33,15.63,65535
1629988202,35.80,24.40,18,1.33,15.63,65535
1629988263,37.30,24.40,14,1.33,15.63,65535
1629988323,36.90,24.40,18,1.33,15.63,65535
1629988384,35.90,24.40,13,1.33,15.63,65535
1629988445,35.80,24.40,13,1.33,15.63,65535
1629988506,36.20,24.40,13,1.33,15.63,65535
1629988566,36.20,24.40,13,1.33,15.63,65535
1629988627,36.40,24.40,13,1.33,15.63,65535
1629988688,37.90,24.50,13,1.33,15.63,65535
1629988749,36.70,24.50,15,1.33,15.63,65535
1629988809,35.80,24.40,13,1.33,15.63,65535
1629988870,36.20,24.40,16,1.33,15.63,65535
1629988931,36.70,24.40,14,1.33,15.56,65535
1629988991,37.10,24.40,13,1.33,15.56,65535
1629989052,37.20,24.40,14,1.33,15.56,65535
1629989113,37.50,24.40,16,1.33,15.56,65535
1629989174,37.30,24.40,14,1.33,15.56,65535
1629989234,37.90,24.30,16,1.33,15.56,65535
1629989295,37.80,24.30,13,1.33,15.56,65535
1629989356,39.00,24.20,14,1.33,15.56,65535
1629989416,38.00,24.30,15,1.33,15.56,65535
1629989477,38.10,24.20,13,1.33,15.50,65535
1629989538,38.40,24.20,14,1.33,15.50,65535
1629989599,37.80,24.30,14,1.33,15.50,65535
1629989659,37.20,24.30,14,1.32,15.50,65535
1629989720,38.00,24.30,16,1.32,15.50,65535
1629989781,37.30,24.40,13,1.33,15.50,65535
1629989842,39.30,24.40,13,1.33,15.50,65535
1629989902,38.50,24.50,13,1.33,15.50,65535
1629989963,39.20,24.70,16,1.33,15.50,65535
1629990024,38.00,24.70,14,1.33,15.50,65535
1629990084,37.60,24.70,15,1.33,15.50,65535
1629990145,38.10,24.70,15,1.32,15.44,65535
1629990206,36.70,24.70,13,1.33,15.44,65535
1629990267,37.10,24.70,13,1.32,15.44,65535
1629990327,38.80,24.80,14,1.32,15.44,65535
1629990388,37.70,24.90,21,1.32,15.44,65535
1629990449,35.90,24.80,16,1.32,15.44,65535
1629990509,36.70,24.90,16,1.32,15.44,65535
1629990570,36.00,24.90,36,1.32,15.44,65535
1629990631,36.50,24.90,36,1.32,15.44,65535
1629990692,36.10,24.90,41,1.32,15.44,65535
1629990752,35.60,24.90,38,1.32,15.44,65535
1629990813,36.40,24.80,40,1.32,15.38,65535
1629990874,36.90,24.90,38,1.32,15.44,65535
1629990935,35.80,24.90,39,1.32,15.38,65535
1629990995,34.30,24.90,37,1.32,15.38,65535
1629991056,34.60,24.90,37,1.32,15.44,65535
1629991117,35.10,25.00,36,1.32,15.38,65535
1629991177,35.40,25.00,41,1.32,15.38,65535
1629991238,33.10,25.00,46,1.32,15.38,65535
1629991299,33.20,24.90,37,1.32,15.38,65535
1629991360,33.90,24.90,40,1.32,15.38,65535
1629991420,33.20,24.90,39,1.32,15.38,65535
1629991481,33.50,25.00,46,1.32,15.38,65535
1629991542,33.50,25.00,36,1.32,15.38,65535
1629991603,34.10,25.10,38,1.32,15.38,65535
1629991663,34.70,25.10,42,1.32,15.38,65535
1629991724,33.70,25.10,49,1.32,15.38,65535
1629991785,34.30,24.90,39,1.32,15.38,65535
1629991845,33.60,24.90,33,1.32,15.38,65535
1629991906,34.10,25.00,35,1.32,15.38,65535
1629991967,33.60,25.00,35,1.33,15.38,65535
1629992028,34.80,25.00,34,1.33,15.38,65535
1629992088,33.90,25.00,36,1.32,15.38,65535
1629992149,34.40,24.90,43,1.33,15.31,65535
1629992210,34.50,24.90,34,1.33,15.38,65535
1629992270,35.70,24.90,35,1.33,15.31,65535
1629992331,35.90,24.80,36,1.33,15.31,65535
1629992392,35.10,24.80,33,1.33,15.31,65535
1629992453,35.30,24.80,33,1.33,15.31,65535
1629992513,35.50,24.70,36,1.33,15.31,65535
1629992574,36.00,24.70,38,1.33,15.31,65535
1629992635,36.00,24.60,41,1.33,15.31,65535
1629992696,35.90,24.50,42,1.33,15.31,65535
1629992756,36.50,24.40,39,1.33,15.31,65535
1629992817,36.10,24.20,35,1.33,15.31,65535
1629992878,37.80,24.20,36,1.33,15.31,65535
1629992938,36.60,24.20,33,1.33,15.31,65535
1629992999,37.00,24.30,10,1.33,15.31,65535
1629993060,37.10,24.20,11,1.33,15.31,65535
1629993121,37.30,24.20,10,1.33,15.31,65535
1629993181,37.70,24.10,9,1.33,15.31,65535
1629993242,37.30,24.00,11,1.33,15.31,65535
1629993303,37.20,23.90,11,1.33,15.31,65535
1629993364,37.20,23.80,13,1.33,15.31,65535
1629993424,38.50,23.70,9,1.33,15.25,65535
1629993485,38.90,23.80,11,1.33,15.25,65535
1629993546,39.00,23.70,9,1.33,15.31,65535
1629993606,38.50,23.80,11,1.33,15.25,65535
1629993667,37.90,23.70,9,1.33,15.25,65535
1629993728,40.30,23.80,12,1.33,15.31,65535
1629993789,38.70,23.70,13,1.33,15.25,65535
1629993849,38.40,23.70,11,1.33,15.25,65535
1629993910,38.20,23.60,9,1.33,15.25,65535
1629993971,37.90,23.50,11,1.33,15.25,65535
1629994031,38.60,23.50,12,1.33,15.25,65535
1629994092,38.20,23.50,14,1.33,15.25,65535
1629994153,38.80,23.50,10,1.33,15.25,65535
1629994214,38.40,23.50,8,1.33,15.25,65535
1629994274,38.90,23.40,8,1.33,15.25,65535
1629994335,39.70,23.50,12,1.33,15.25,65535
1629994396,38.10,23.40,7,1.33,15.25,65535
1629994457,38.80,23.40,7,1.33,15.25,65535
1629994517,39.70,23.40,7,1.33,15.25,65535
1629994578,40.00,23.50,8,1.33,15.25,65535
1629994639,39.00,23.50,7,1.33,15.19,65535
1629994699,38.20,23.40,9,1.33,15.19,65535
1629994760,38.90,23.40,7,1.33,15.19,65535
1629994821,40.10,23.40,7,1.33,15.19,65535
1629994882,40.90,23.30,10,1.33,15.19,65535
1629994942,39.50,23.30,7,1.33,15.19,65535
1629995003,40.70,23.30,9,1.33,15.19,65535
1629995064,39.50,23.20,7,1.33,15.19,65535
1629995124,40.20,23.20,12,1.33,15.19,65535
1629995185,38.80,23.20,8,1.33,15.19,65535
1629995246,40.50,23.20,7,1.33,15.19,65535
1629995307,41.20,23.20,7,1.33,15.19,65535
1629995367,40.90,23.30,7,1.33,15.19,65535
1629995428,40.70,23.30,9,1.33,15.19,65535
1629995489,38.90,23.30,9,1.33,15.19,65535
1629995549,39.60,23.40,8,1.33,15.13,65535
1629995610,40.20,23.40,7,1.33,15.13,65535
1629995671,40.80,23.50,8,1.33,15.13,65535
1629995732,41.20,23.60,7,1.33,15.13,65535
1629995792,40.90,23.60,7,1.33,15.13,65535
1629995853,41.50,23.70,8,1.33,15.13,65535
1629995914,39.30,23.60,7,1.33,15.13,65535
1629995975,39.00,23.60,8,1.33,15.13,65535
1629996035,39.50,23.50,10,1.33,15.13,65535
1629996096,38.70,23.40,8,1.33,15.13,65535
1629996157,40.20,23.40,8,1.33,15.13,65535
1629996217,39.40,23.30,8,1.34,15.13,65535
1629996278,40.10,23.10,8,1.34,15.13,65535
1629996339,41.50,23.00,8,1.33,15.13,65535
1629996400,41.00,22.90,8,1.34,15.13,65535
1629996460,42.30,22.80,11,1.34,15.13,65535
1629996521,39.80,22.70,6,1.34,15.06,65535
1629996582,40.20,22.60,6,1.34,15.06,65535
1629996642,41.60,22.50,6,1.33,15.06,65535
1629996703,41.40,22.40,6,1.33,15.06,65535
1629996764,43.20,22.30,6,1.34,15.06,65535
1629996825,43.00,22.20,6,1.34,15.06,65535
1629996885,42.10,22.10,6,1.34,15.06,65535
1629996946,42.90,22.00,8,1.34,15.06,65535
1629997007,43.90,21.90,6,1.34,15.06,65535
1629997068,43.00,21.80,5,1.34,15.06,65535
1629997128,43.40,21.70,6,1.34,15.06,65535
1629997189,43.80,21.70,6,1.34,15.06,65535
1629997250,44.20,21.60,6,1.34,15.06,65535
1629997310,44.10,21.50,5,1.34,15.00,65535
1629997371,45.30,21.40,6,1.34,15.06,65535
1629997432,45.70,21.40,6,1.34,15.00,65535
1629997493,45.90,21.20,6,1.34,15.00,65535
1629997553,46.10,21.10,6,1.34,15.00,65535
1629997614,45.70,21.00,6,1.34,15.00,65535
1629997675,46.80,20.90,6,1.34,15.00,65535
1629997735,46.00,20.90,6,1.34,15.00,65535
1629997796,46.20,20.80,6,1.34,15.00,65535
1629997857,47.80,20.70,6,1.34,15.00,65535
1629997918,47.70,20.60,6,1.34,15.00,65535
1629997978,48.90,20.60,6,1.34,14.94,65535
1629998039,48.80,20.50,6,1.34,15.00,65535
1629998100,48.00,20.40,6,1.34,14.94,65535
1629998160,49.80,20.30,6,1.34,14.94,65535
1629998221,50.00,20.20,6,1.34,14.94,65535
1629998282,49.20,20.20,6,1.34,14.94,65535
1629998343,49.10,20.10,6,1.34,14.94,65535
1629998403,51.60,20.00,6,1.34,14.94,65535
1629998464,49.00,19.90,6,1.34,14.94,65535
1629998525,49.30,19.80,6,1.34,14.94,65535
1629998585,49.80,19.80,6,1.34,14.88,65535
1629998646,50.00,19.70,6,1.34,14.88,65535
1629998707,49.80,19.70,6,1.34,14.88,65535
1629998768,50.20,19.60,6,1.34,14.88,65535
1629998828,49.90,19.60,6,1.34,14.88,65535
1629998889,50.10,19.60,6,1.34,14.88,65535
1629998950,50.00,19.50,6,1.34,14.88,65535
1629999010,50.00,19.40,6,1.34,14.88,65188
1629999071,51.40,19.30,6,1.34,14.88,62622
1629999132,51.00,19.20,6,1.34,14.88,60062
1629999193,51.50,19.10,6,1.34,14.81,57259
1629999253,52.50,19.00,6,1.34,14.81,54500
1629999314,53.00,19.00,6,1.34,14.81,51811
1629999375,52.70,18.90,5,1.34,14.81,49232
1629999436,52.90,18.80,6,1.34,14.81,46750
1629999496,53.00,18.80,6,1.34,14.81,44210
1629999557,52.30,18.70,6,1.34,14.75,41684
1629999618,52.50,18.60,6,1.34,14.81,39305
1629999678,52.80,18.60,6,1.34,14.75,36954
1629999739,53.40,18.50,6,1.34,14.75,34553
1629999800,53.30,18.40,5,1.34,14.75,32176
1629999861,53.60,18.30,6,1.34,14.75,29950
1629999921,54.00,18.30,6,1.34,14.75,27665
1629999982,55.20,18.20,6,1.34,14.75,25446
1630000043,54.60,18.10,6,1.34,14.75,23341
1630000103,54.70,18.10,6,1.34,14.75,21195
1630000164,54.60,18.00,5,1.36,14.69,19269
1630000225,54.60,17.90,6,1.35,14.69,17395
1630000286,54.80,17.90,6,1.35,14.69,15652
1630000346,55.50,17.90,6,1.35,14.69,13948
1630000407,56.30,17.70,6,1.35,14.69,12392
1630000468,55.30,17.70,6,1.35,14.69,10903
1630000528,56.40,17.60,6,1.35,14.69,9530
1630000589,55.80,17.60,6,1.35,14.69,8238
1630000650,56.40,17.50,6,1.35,14.63,7042
1630000711,56.30,17.40,6,1.35,14.63,5964
1630000771,56.50,17.40,6,1.35,14.63,4991
1630000832,57.50,17.40,6,1.35,14.63,4135
1630000893,58.80,17.30,6,1.35,14.63,3385
1630000953,59.10,17.20,6,1.35,14.63,2730
1630001014,58.40,17.10,6,1.35,14.63,2186
1630001075,57.90,17.10,5,1.35,14.56,1733
1630001136,59.50,17.00,6,1.35,14.56,1361
1630001196,60.10,16.90,6,1.35,14.56,1057
1630001257,61.60,16.80,6,1.35,14.56,813
1630001318,60.40,16.70,5,1.35,14.56,620
1630001378,61.50,16.70,5,1.35,14.56,471
1630001439,63.00,16.60,6,1.35,14.56,356
1630001500,62.20,16.50,6,1.35,14.56,268
1630001561,61.50,16.50,6,1.35,14.50,200
1630001621,61.80,16.40,6,1.35,14.50,150
1630001682,62.00,16.40,6,1.35,14.50,111
1630001743,62.00,16.30,6,1.35,14.50,82
1630001803,62.60,16.30,6,1.36,14.50,61
1630001864,62.50,16.20,5,1.35,14.50,44
1630001925,62.60,16.20,5,1.35,14.50,31
1630001986,63.00,16.20,6,1.35,14.44,22
1630002046,63.90,16.10,6,1.35,14.44,15
1630002107,63.80,16.10,6,1.35,14.44,9
1630002168,63.80,16.10,6,1.35,14.44,6
1630002228,63.50,16.10,6,1.35,14.44,2
1630002289,64.20,16.10,6,1.35,14.44,0
1630002350,63.60,16.00,6,1.35,14.44,0
1630002411,63.30,16.00,6,1.35,14.38,0
1630002471,63.30,16.00,6,1.35,14.38,0
1630002532,63.60,16.00,6,1.35,14.38,0
1630002593,63.90,16.00,6,1.35,14.38,0
1630002653,63.60,16.00,6,1.35,14.38,0
1630002714,64.10,16.00,6,1.35,14.38,0
1630002775,64.80,15.90,6,1.35,14.38,0
1630002836,65.50,15.90,6,1.35,14.38,0
1630002896,65.50,15.90,5,1.35,14.31,0
1630002957,66.20,15.90,6,1.35,14.31,0
1630003018,66.60,15.80,6,1.35,14.31,0
1630003078,66.10,15.80,6,1.35,14.31,0
1630003139,66.90,15.80,6,1.35,14.31,0
1630003200,67.60,15.70,6,1.35,14.31,0
1630003261,67.80,15.60,6,1.35,14.31,0
1630003321,67.60,15.60,5,1.35,14.31,0
1630003382,68.60,15.50,6,1.35,14.31,0
1630003443,70.20,15.40,6,1.35,14.25,0
1630003503,69.70,15.40,5,1.35,14.25,0
1630003564,70.20,15.40,5,1.36,14.25,0
1630003625,70.80,15.30,5,1.35,14.25,0
1630003686,70.20,15.30,6,1.35,14.25,0
1630003746,71.70,15.20,6,1.35,14.25,0
1630003807,71.60,15.10,5,1.35,14.25,0
1630003868,71.20,15.10,6,1.35,14.19,0
1630003928,71.90,15.10,5,1.35,14.19,0
1630003989,71.70,15.00,6,1.35,14.19,0
1630004050,71.40,15.00,6,1.36,14.19,0
1630004111,71.50,14.90,6,1.35,14.19,0
1630004171,72.20,14.90,6,1.35,14.19,0
1630004232,71.20,14.90,6,1.35,14.19,0
1630004293,71.50,14.80,6,1.35,14.19,0
1630004353,71.20,14.80,6,1.35,14.13,0
1630004414,71.40,14.70,6,1.35,14.13,0
1630004475,71.50,14.80,6,1.35,14.13,0
1630004536,71.70,14.80,6,1.35,14.13,0
1630004596,71.70,14.80,6,1.35,14.13,0
1630004657,71.80,14.70,6,1.35,14.13,0
1630004718,71.70,14.70,6,1.35,14.13,0
1630004778,71.90,14.70,6,1.35,14.13,0
1630004839,71.60,14.70,6,1.35,14.06,0
1630004900,72.00,14.70,6,1.35,14.13,0
1630004961,70.90,14.70,6,1.35,14.06,0
1630005021,71.70,14.70,6,1.35,14.06,0
1630005082,71.90,14.60,6,1.35,14.06,0
1630005143,71.70,14.60,6,1.35,14.06,0
1630005203,72.00,14.60,6,1.35,14.06,0
1630005264,72.00,14.60,6,1.35,14.06,0
1630005325,72.50,14.60,6,1.35,14.00,0
1630005386,72.50,14.50,6,1.37,14.00,0
1630005446,72.60,14.50,6,1.36,14.06,0
1630005507,73.20,14.50,6,1.35,14.00,0
1630005568,73.50,14.50,5,1.35,14.00,0
1630005628,73.60,14.50,6,1.35,14.00,0
1630005689,74.10,14.40,6,1.36,14.00,0
1630005750,74.10,14.40,6,1.36,14.00,0
1630005811,75.00,14.30,6,1.36,13.94,0
1630005871,74.90,14.30,6,1.35,13.94,0
1630005932,75.40,14.20,6,1.35,13.94,0
1630005993,75.30,14.20,6,1.35,13.94,0
1630006053,75.90,14.20,6,1.35,13.94,0
1630006114,76.00,14.10,6,1.35,13.94,0
1630006175,76.20,14.10,6,1.35,13.94,0
1630006236,76.70,14.10,6,1.35,13.94,0
1630006296,77.20,14.00,6,1.36,13.88,0
1630006357,77.30,14.00,6,1.36,13.88,0
1630006418,76.90,14.00,6,1.35,13.88,0
1630006478,77.00,14.00,6,1.35,13.88,0
1630006539,76.90,14.00,6,1.35,13.88,0
1630006600,76.60,13.90,6,1.35,13.88,0
1630006661,76.90,13.90,6,1.35,13.88,0
1630006721,77.30,13.90,6,1.35,13.88,0
1630006782,77.50,13.80,6,1.35,13.88,0
1630006843,76.60,13.90,6,1.35,13.88,0
1630006903,76.40,13.90,6,1.35,13.81,0
1630006964,76.90,13.90,6,1.35,13.81,0
1630007025,76.60,13.90,6,1.35,13.81,0
1630007086,76.70,13.90,6,1.35,13.81,0
1630007146,76.60,13.90,6,1.35,13.81,0
1630007207,76.90,13.90,6,1.35,13.81,0
1630007268,76.70,13.90,6,1.35,13.81,0
1630007328,76.60,13.90,6,1.35,13.75,0
1630007389,77.00,13.90,6,1.35,13.75,0
1630007450,77.10,13.90,6,1.35,13.75,0
1630007511,76.70,13.90,6,1.35,13.75,0
1630007571,77.20,13.80,6,1.35,13.75,0
1630007632,77.00,13.80,6,1.35,13.75,0
1630007693,76.80,13.80,6,1.35,13.75,0
1630007753,76.80,13.80,6,1.35,13.75,0
1630007814,76.50,13.80,6,1.35,13.69,0
1630007875,76.30,13.80,6,1.35,13.69,0
1630007936,76.50,13.80,6,1.35,13.69,0
1630007996,76.40,13.80,6,1.44,13.69,0
1630008057,76.50,13.80,6,1.35,13.69,0
1630008118,76.40,13.80,6,1.36,13.69,0
1630008178,76.40,13.80,6,1.35,13.69,0
1630008239,76.70,13.80,6,1.36,13.69,0
1630008300,77.10,13.80,6,1.35,13.69,0
1630008361,77.30,13.80,6,1.36,13.63,0
1630008421,77.10,13.80,6,1.35,13.63,0
1630008482,77.40,13.80,6,1.35,13.63,0
1630008543,77.10,13.80,6,1.35,13.63,0
1630008603,76.80,13.80,6,1.35,13.63,0
1630008664,76.70,13.80,6,1.35,13.63,0
1630008725,76.60,13.80,6,1.35,13.63,0
1630008786,76.50,13.90,6,1.35,13.63,0
1630008846,76.70,13.90,6,1.35,13.63,0
1630008907,76.70,13.90,6,1.35,13.56,0
1630008968,76.90,13.90,6,1.35,13.56,0
1630009028,76.70,13.90,6,1.35,13.56,0
1630009089,76.40,13.90,6,1.35,13.56,0
1630009150,77.20,13.90,6,1.35,13.56,0
1630009211,77.10,13.90,6,1.36,13.56,0
1630009271,78.50,13.90,6,1.35,13.56,0
1630009332,78.90,13.90,6,1.35,13.56,0
1630009393,77.00,13.90,6,1.36,13.56,0
1630009453,76.30,13.90,6,1.35,13.56,0
1630009514,76.10,13.90,6,1.35,13.50,0
1630009575,76.10,14.00,6,1.34,13.50,0
1630009636,75.80,14.00,6,1.34,13.50,0
1630009696,76.20,14.00,6,1.34,13.50,0
1630009757,76.80,14.10,6,1.34,13.50,0
1630009818,77.20,14.00,6,1.34,13.50,0
1630009878,76.50,14.00,6,1.34,13.50,0
1630009939,76.00,14.00,6,1.34,13.50,0
1630010000,75.50,14.10,33,1.34,13.50,0
1630010061,75.10,14.10,33,1.34,13.44,0
1630010121,74.60,14.10,33,1.34,13.44,0
1630010182,74.70,14.10,33,1.34,13.44,0
1630010243,75.80,14.10,7,1.34,13.44,0
1630010303,75.70,14.10,7,1.34,13.44,0
1630010364,75.90,14.10,7,1.34,13.44,0
1630010425,76.50,14.00,7,1.35,13.44,0
1630010486,76.10,14.00,7,1.35,13.44,0
1630010546,77.20,14.00,6,1.34,13.44,0
1630010607,77.40,13.90,7,1.34,13.44,0
1630010668,75.70,13.90,7,1.34,13.44,0
1630010728,75.30,14.00,7,1.34,13.44,0
1630010789,75.00,14.00,7,1.34,13.38,0
1630010850,75.00,14.00,7,1.35,13.44,0
1630010911,74.80,14.00,7,1.35,13.38,0
1630010971,74.50,14.00,7,1.35,13.38,0
1630011032,75.00,14.00,7,1.34,13.38,0
1630011093,75.00,14.00,7,1.34,13.38,0
1630011153,75.90,14.00,7,1.34,13.38,0
1630011214,75.80,14.00,7,1.34,13.38,0
1630011275,75.20,14.00,7,1.35,13.38,0
1630011336,78.10,14.00,7,1.34,13.38,0
1630011396,77.30,14.00,7,1.34,13.38,0
1630011457,75.90,14.00,7,1.34,13.31,0
1630011518,76.90,14.00,7,1.35,13.31,0
1630011578,76.30,14.00,7,1.35,13.38,0
1630011639,75.50,14.00,7,1.35,13.31,0
1630011700,75.10,14.00,7,1.34,13.31,0
1630011761,75.30,14.10,7,1.34,13.31,0
1630011821,74.30,14.10,7,1.34,13.31,0
1630011882,75.00,14.10,7,1.34,13.31,0
1630011943,75.20,14.10,7,1.34,13.31,0
1630012003,72.60,14.20,7,1.34,13.31,0
1630012064,74.40,14.20,7,1.34,13.31,0
1630012125,78.40,14.20,7,1.34,13.31,0
1630012186,77.70,14.20,7,1.35,13.31,0
1630012246,78.80,14.20,7,1.34,13.25,0
1630012307,78.00,14.20,7,1.34,13.25,0
1630012368,79.30,14.20,7,1.35,13.25,0
1630012428,79.40,14.20,7,1.34,13.25,0
1630012489,77.00,14.20,7,1.35,13.25,0
1630012550,78.40,14.20,7,1.34,13.25,0
1630012611,76.00,14.20,7,1.35,13.25,0
1630012671,75.50,14.10,7,1.35,13.25,0
1630012732,76.30,14.10,7,1.35,13.25,0
1630012793,75.40,14.10,6,1.34,13.25,0
1630012853,75.90,14.10,6,1.34,13.25,0
1630012914,75.50,14.10,6,1.34,13.25,0
1630012975,75.40,14.10,6,1.34,13.19,0
1630013036,74.40,14.20,6,1.34,13.19,0
1630013096,74.30,14.30,6,1.34,13.19,0
1630013157,72.30,14.50,6,1.34,13.19,0
1630013218,71.70,14.60,6,1.34,13.19,0
1630013278,70.50,14.60,6,1.35,13.19,0
1630013339,72.00,14.70,7,1.35,13.19,0
1630013400,68.50,14.80,6,1.35,13.19,0
1630013461,69.30,14.80,6,1.35,13.19,0
1630013521,69.40,14.90,6,1.35,13.19,0
1630013582,69.30,14.80,6,1.36,13.19,0
1630013643,68.60,14.90,6,1.36,13.19,0
1630013703,68.20,14.90,6,1.36,13.19,0
1630013764,68.40,14.90,6,1.35,13.19,0
1630013825,68.50,14.90,8,1.36,13.13,0
1630013886,65.90,15.10,8,1.36,13.19,0
1630013946,63.50,15.40,12,1.36,13.19,0
1630014007,63.60,15.60,9,1.36,13.13,0
1630014068,62.40,15.80,8,1.36,13.13,0
1630014128,61.20,15.90,10,1.37,13.13,0
1630014189,61.20,16.10,7,1.37,13.13,0
1630014250,60.10,16.20,33,1.36,13.13,0
1630014311,59.90,16.20,7,1.36,13.13,0
1630014371,60.70,16.40,9,1.36,13.13,0
1630014432,59.80,16.40,3,1.36,13.13,0
1630014493,59.10,16.40,6,1.36,13.13,0
1630014553,59.80,16.40,7,1.36,13.13,0
1630014614,60.80,16.40,8,1.36,13.13,0
1630014675,58.00,16.50,6,1.36,13.13,0
1630014736,57.70,16.70,2,1.36,13.13,0
1630014796,57.50,16.80,2,1.36,13.13,0
1630014857,58.00,16.70,2,1.36,13.13,0
1630014918,58.40,16.70,5,1.36,13.13,0
1630014978,59.40,16.60,6,1.37,13.13,0
1630015039,57.10,16.70,4,1.36,13.13,0
1630015100,57.70,16.80,3,1.36,13.06,0
1630015161,57.80,16.80,3,1.37,13.06,0
1630015221,58.30,16.70,3,1.37,13.06,0
1630015282,58.30,16.70,4,1.37,13.06,0
1630015343,58.00,16.70,6,1.36,13.06,0
1630015403,57.30,16.90,7,1.36,13.06,0
1630015464,56.20,17.00,8,1.36,13.06,0
1630015525,56.00,17.10,9,1.36,13.06,0
1630015586,56.10,17.10,6,1.37,13.06,0
1630015646,55.80,17.10,8,1.36,13.06,0
1630015707,55.60,17.20,6,1.36,13.06,0
1630015768,56.00,17.20,6,1.36,13.06,0
1630015828,55.60,17.20,6,1.37,13.06,0
1630015889,55.60,17.30,4,1.36,13.06,0
1630015950,55.70,17.20,6,1.37,13.06,0
1630016011,55.50,17.30,5,1.36,13.06,0
1630016071,55.40,17.30,4,1.37,13.06,0
1630016132,55.30,17.30,6,1.37,13.06,0
1630016193,55.20,17.30,4,1.37,13.06,0
1630016253,55.80,17.20,4,1.37,13.06,0
1630016314,56.00,17.10,4,1.36,13.06,0
1630016375,55.90,17.00,7,1.37,13.06,0
1630016436,55.50,17.10,9,1.37,13.06,0
1630016496,55.50,17.20,4,1.37,13.06,0
1630016557,55.90,17.20,4,1.36,13.06,0
1630016618,56.30,17.10,4,1.37,13.00,0
1630016678,57.80,17.00,4,1.37,13.00,0
1630016739,56.20,16.90,4,1.37,13.00,0
1630016800,57.30,16.90,4,1.37,13.00,0
1630016861,57.00,16.90,4,1.37,13.00,0
1630016921,56.90,16.90,5,1.37,13.00,0
1630016982,58.10,16.90,4,1.37,13.00,0
1630017043,56.40,17.00,4,1.37,13.00,0
1630017103,56.00,17.00,4,1.37,13.00,0
1630017164,57.20,17.00,7,1.37,13.00,0
1630017225,56.50,17.10,4,1.37,13.00,0
1630017286,57.10,17.10,4,1.37,13.00,0
1630017346,57.50,17.00,7,1.37,13.00,0
1630017407,56.10,17.00,4,1.37,13.00,0
1630017468,55.80,17.10,5,1.37,13.00,0
1630017528,56.70,17.20,4,1.37,13.00,0
1630017589,55.70,17.20,3,1.37,13.00,0
1630017650,55.60,17.20,3,1.37,13.00,0
1630017711,55.80,17.20,5,1.37,13.00,0
1630017771,56.10,17.20,4,1.37,13.00,0
1630017832,55.90,17.20,4,1.37,13.00,0
1630017893,55.50,17.20,4,1.37,13.00,0
1630017953,56.20,17.20,4,1.37,13.00,0
1630018014,56.70,17.20,6,1.37,13.00,0
1630018075,56.10,17.10,6,1.37,13.00,0
1630018136,55.90,17.20,3,1.37,13.00,0
1630018196,57.20,17.10,5,1.37,13.00,0
1630018257,56.00,17.20,3,1.37,12.94,0
1630018318,55.60,17.20,3,1.37,13.00,0
1630018378,56.10,17.20,4,1.37,12.94,0
1630018439,56.30,17.20,5,1.37,12.94,0
1630018500,56.70,17.30,6,1.37,13.00,0
1630018561,55.50,17.30,5,1.37,13.00,0
1630018621,55.30,17.30,3,1.37,12.94,0
1630018682,56.90,17.40,4,1.38,12.94,0
1630018743,56.00,17.40,5,1.38,12.94,0
1630018803,55.20,17.40,4,1.38,12.94,0
1630018864,55.50,17.40,3,1.38,12.94,0
1630018925,56.00,17.40,6,1.38,12.94,0
1630018986,54.70,17.40,3,1.37,12.94,0
1630019046,55.90,17.40,4,1.38,12.94,0
1630019107,56.30,17.20,3,1.37,12.94,0
1630019168,56.50,17.20,5,1.37,12.94,0
1630019228,55.80,17.10,4,1.37,12.94,0
1630019289,56.70,17.20,3,1.38,12.94,0
1630019350,57.10,17.10,5,1.38,12.94,0
1630019411,56.90,17.00,4,1.38,12.94,0
1630019471,56.20,17.10,3,1.37,12.94,0
1630019532,57.40,17.10,3,1.37,12.94,0
1630019593,57.20,17.00,3,1.38,12.94,0
1630019653,58.00,16.90,8,1.37,12.94,0
1630019714,57.70,16.90,5,1.37,12.94,0
1630019775,56.90,17.00,6,1.36,12.94,0
1630019836,56.40,17.10,5,1.36,12.94,0
1630019896,57.10,17.10,4,1.36,12.94,0
1630019957,56.60,17.20,3,1.37,12.94,0
1630020018,56.90,17.20,4,1.36,12.94,0
1630020078,57.20,17.20,3,1.36,12.94,0
1630020139,56.80,17.10,6,1.37,12.94,0
1630020200,57.10,17.20,6,1.37,12.94,0
1630020261,55.90,17.20,4,1.37,12.94,0
1630020321,56.10,17.20,4,1.37,12.94,0
1630020382,56.10,17.20,4,1.36,12.94,0
1630020443,57.60,17.20,6,1.37,12.94,0
1630020503,56.90,17.20,5,1.37,12.94,0
1630020564,56.90,17.20,6,1.37,12.94,0
1630020625,56.10,17.30,8,1.37,12.94,0
1630020686,56.20,17.30,6,1.37,12.88,0
1630020746,55.90,17.30,5,1.37,12.94,0
1630020807,56.40,17.30,5,1.38,12.94,0
1630020868,56.10,17.30,5,1.37,12.94,0
1630020928,56.30,17.20,6,1.37,12.94,0
1630020989,56.60,17.20,4,1.37,12.88,0
1630021050,57.00,17.20,8,1.37,12.88,0
1630021111,56.40,17.20,3,1.37,12.88,0
1630021171,56.70,17.20,6,1.37,12.88,0
1630021232,56.50,17.20,6,1.37,12.88,0
1630021293,56.20,17.30,7,1.37,12.88,0
1630021353,56.40,17.30,4,1.37,12.88,0
1630021414,56.40,17.20,3,1.37,12.88,0
1630021475,56.60,17.20,6,1.37,12.88,0
1630021536,57.30,17.00,3,1.37,12.88,0
1630021596,58.30,16.90,4,1.37,12.88,0
1630021657,58.20,16.90,4,1.37,12.88,0
1630021718,58.90,16.80,4,1.37,12.88,0
1630021778,59.50,16.70,4,1.37,12.88,0
1630021839,58.80,16.70,6,1.37,12.88,0
1630021900,58.50,16.70,4,1.37,12.88,0
1630021961,58.20,16.80,7,1.37,12.88,0
1630022021,57.70,16.90,5,1.37,12.88,0
1630022082,58.10,16.90,4,1.37,12.88,0
1630022143,57.90,16.80,3,1.37,12.88,0
1630022203,58.20,16.80,3,1.37,12.88,0
1630022264,58.40,16.70,4,1.37,12.88,0
1630022325,59.10,16.60,3,1.37,12.88,0
1630022386,59.80,16.60,3,1.37,12.88,0
1630022446,60.60,16.40,3,1.37,12.81,0
1630022507,61.50,16.30,4,1.37,12.81,0
1630022568,60.50,16.30,4,1.36,12.88,0
1630022628,60.20,16.30,3,1.37,12.81,0
1630022689,59.90,16.30,3,1.36,12.81,0
1630022750,60.20,16.20,3,1.37,12.81,0
1630022811,61.80,16.10,3,1.37,12.81,0
1630022871,61.20,16.10,3,1.36,12.81,0
1630022932,62.40,16.00,4,1.36,12.81,0
1630022993,63.00,15.90,3,1.37,12.81,0
1630023053,63.40,15.70,3,1.36,12.81,0
1630023114,64.60,15.60,4,1.37,12.81,0
1630023175,65.40,15.50,3,1.37,12.81,0
1630023236,64.50,15.40,3,1.37,12.81,0
1630023296,64.60,15.30,4,1.37,12.81,0
1630023357,66.80,15.30,4,1.37,12.81,0
1630023418,66.10,15.20,3,1.36,12.81,0
1630023478,65.70,15.20,4,1.36,12.81,0
1630023539,66.40,15.10,4,1.37,12.81,0
1630023600,67.10,15.10,3,1.37,12.81,0
1630023661,66.10,15.00,4,1.36,12.81,0
1630023721,67.20,14.90,4,1.36,12.75,0
1630023782,68.30,14.80,3,1.36,12.75,0
1630023843,69.60,14.80,3,1.36,12.75,0
1630023904,68.40,14.70,3,1.36,12.75,0
1630023964,69.40,14.60,3,1.37,12.75,0
1630024025,70.00,14.60,3,1.36,12.75,0
1630024086,69.70,14.50,3,1.37,12.75,0
1630024146,70.30,14.50,3,1.36,12.75,0
1630024207,71.30,14.40,3,1.36,12.75,0
1630024268,72.40,14.30,4,1.36,12.75,0
1630024329,73.90,14.30,3,1.37,12.75,0
1630024389,74.50,14.20,3,1.37,12.75,0
1630024450,74.70,14.10,3,1.36,12.75,0
1630024511,75.40,14.10,3,1.36,12.75,0
1630024571,76.60,14.00,3,1.37,12.75,0
1630024632,75.20,13.90,3,1.37,12.69,0
1630024693,75.00,13.90,3,1.36,12.69,0
1630024754,75.00,13.80,4,1.36,12.69,0
1630024814,75.60,13.70,3,1.37,12.69,0
1630024875,74.10,13.70,3,1.36,12.69,0
1630024936,74.50,13.70,3,1.36,12.69,0
1630024996,75.20,13.60,3,1.37,12.69,0
1630025057,74.80,13.60,3,1.37,12.69,0
1630025118,75.50,13.60,3,1.36,12.69,0
1630025179,75.60,13.60,3,1.36,12.69,0
1630025239,76.50,13.50,3,1.37,12.69,0
1630025300,76.00,13.40,3,1.36,12.69,0
1630025361,75.10,13.40,3,1.36,12.69,0
1630025421,75.40,13.40,3,1.37,12.69,0
1630025482,75.20,13.40,3,1.37,12.69,0
1630025543,76.30,13.40,3,1.36,12.69,0
1630025604,76.00,13.30,3,1.37,12.63,0
1630025664,75.40,13.30,3,1.36,12.63,0
1630025725,75.70,13.20,3,1.36,12.63,0
1630025786,75.70,13.20,3,1.36,12.63,0
1630025846,76.00,13.20,3,1.36,12.63,0
1630025907,76.60,13.10,3,1.36,12.63,0
1630025968,76.30,13.10,3,1.36,12.63,0
1630026029,76.90,13.10,3,1.36,12.63,0
1630026089,78.40,13.00,3,1.36,12.63,0
1630026150,78.60,13.00,3,1.36,12.63,0
1630026211,78.30,13.00,3,1.36,12.63,0
1630026271,77.60,13.00,4,1.36,12.63,0
1630026332,77.30,12.90,3,1.36,12.63,0
1630026393,77.60,13.00,4,1.36,12.63,0
1630026454,76.90,13.00,3,1.36,12.63,0
1630026514,77.60,13.10,3,1.36,12.56,0
1630026575,78.40,13.00,3,1.36,12.56,0
1630026636,79.00,13.00,4,1.36,12.56,0
1630026696,79.20,13.00,3,1.36,12.56,0
1630026757,78.30,13.00,3,1.36,12.56,0
1630026818,76.60,13.10,3,1.36,12.56,0
1630026879,77.40,13.10,5,1.37,12.56,0
1630026939,76.00,13.20,3,1.37,12.56,0
1630027000,76.00,13.30,3,1.36,12.56,0
1630027061,76.00,13.40,3,1.36,12.56,0
1630027121,75.20,13.40,3,1.36,12.56,0
1630027182,75.70,13.50,3,1.36,12.56,0
1630027243,73.50,13.60,4,1.37,12.56,0
1630027304,72.50,13.90,3,1.36,12.56,0
1630027364,71.10,14.10,4,1.36,12.56,0
1630027425,70.20,14.20,3,1.36,12.50,0
1630027486,70.40,14.30,4,1.37,12.50,0
1630027546,69.50,14.40,3,1.36,12.50,0
1630027607,69.20,14.50,4,1.37,12.50,0
1630027668,69.60,14.60,3,1.37,12.50,0
1630027729,69.00,14.50,4,1.36,12.50,0
1630027789,68.40,14.70,3,1.37,12.50,0
1630027850,68.40,14.80,4,1.37,12.50,0
1630027911,68.30,14.80,3,1.37,12.50,0
1630027971,68.10,14.80,4,1.36,12.50,0
1630028032,67.70,14.80,3,1.36,12.50,0
1630028093,67.60,14.90,4,1.37,12.50,0
1630028154,67.30,15.00,4,1.37,12.50,0
1630028214,67.10,15.00,3,1.37,12.50,0
1630028275,67.40,15.00,4,1.37,12.50,0
1630028336,67.20,14.90,8,1.37,12.44,0
1630028396,66.90,15.10,3,1.37,12.50,0
1630028457,66.50,15.20,4,1.37,12.44,0
1630028518,66.50,15.20,5,1.37,12.44,0
1630028579,67.20,15.30,3,1.37,12.44,0
1630028639,66.30,15.30,4,1.37,12.44,0
1630028700,66.90,15.30,7,1.37,12.44,0
1630028761,66.80,15.30,4,1.37,12.44,0
1630028821,66.60,15.30,6,1.37,12.44,0
1630028882,67.00,15.40,3,1.37,12.44,0
1630028943,66.30,15.40,4,1.37,12.44,0
1630029004,66.60,15.30,6,1.37,12.44,0
1630029064,66.30,15.40,4,1.37,12.44,0
1630029125,66.00,15.40,4,1.37,12.44,0
1630029186,66.10,15.40,36,1.37,12.44,0
1630029246,66.70,15.40,42,1.37,12.44,0
1630029307,66.50,15.40,34,1.37,12.44,0
1630029368,66.90,15.40,34,1.37,12.44,0
1630029429,67.10,15.40,38,1.37,12.38,0
1630029489,66.10,15.50,33,1.37,12.44,0
1630029550,66.20,15.50,35,1.37,12.44,0
1630029611,65.90,15.60,34,1.37,12.44,0
1630029672,65.90,15.60,37,1.37,12.44,0
1630029732,66.20,15.60,35,1.37,12.38,0
1630029793,65.70,15.60,35,1.37,12.38,0
1630029854,66.20,15.60,38,1.37,12.38,0
1630029914,66.40,15.60,36,1.37,12.38,0
1630029975,65.80,15.70,41,1.38,12.38,0
1630030036,65.90,15.70,34,1.38,12.38,0
1630030097,67.30,15.60,34,1.37,12.38,0
1630030157,66.60,15.60,42,1.37,12.38,0
1630030218,66.20,15.60,34,1.38,12.38,0
1630030279,66.00,15.70,34,1.38,12.38,0
1630030339,66.20,15.70,34,1.37,12.38,0
1630030400,65.90,15.60,37,1.37,12.38,0
1630030461,66.10,15.60,36,1.37,12.38,0
1630030522,66.00,15.70,39,1.38,12.38,0
1630030582,66.20,15.70,37,1.38,12.38,0
1630030643,66.20,15.70,33,1.38,12.38,0
1630030704,65.50,15.70,42,1.38,12.38,0
1630030764,65.70,15.70,43,1.38,12.38,0
1630030825,65.60,15.80,35,1.37,12.38,0
1630030886,65.80,15.80,38,1.37,12.38,0
1630030947,65.80,15.80,39,1.37,12.38,0
1630031007,65.40,15.90,38,1.38,12.38,0
1630031068,65.30,15.90,37,1.37,12.38,0
1630031129,65.60,15.80,37,1.38,12.38,0
1630031189,65.60,15.90,37,1.37,12.38,0
1630031250,66.30,15.80,43,1.37,12.38,0
1630031311,66.10,15.80,36,1.37,12.38,0
1630031372,66.20,15.80,34,1.38,12.31,0
1630031432,66.80,15.70,38,1.37,12.31,0
1630031493,66.60,15.80,38,1.37,12.31,0
1630031554,67.00,15.80,36,1.38,12.31,0
1630031614,66.90,15.80,38,1.38,12.31,0
1630031675,66.80,15.80,38,1.38,12.31,0
1630031736,66.60,15.80,38,1.37,12.31,0
1630031797,66.50,15.80,42,1.38,12.31,0
1630031857,66.00,15.90,37,1.37,12.31,0
1630031918,66.50,15.90,36,1.38,12.38,0
1630031979,66.90,15.90,39,1.38,12.31,0
1630032039,66.60,15.80,40,1.37,12.31,0
1630032100,66.60,15.80,39,1.38,12.31,0
1630032161,66.60,15.90,41,1.38,12.31,0
1630032222,66.50,15.90,36,1.38,12.31,0
1630032282,67.00,15.80,37,1.38,12.31,0
1630032343,67.00,15.80,40,1.37,12.31,0
1630032404,66.80,15.70,39,1.37,12.31,0
1630032464,66.90,15.80,42,1.38,12.31,0
1630032525,66.60,15.80,37,1.38,12.31,0
1630032586,66.70,15.80,41,1.38,12.31,0
1630032647,66.30,15.90,36,1.37,12.31,0
1630032707,66.70,15.80,38,1.37,12.31,0
1630032768,66.50,15.80,38,1.38,12.31,0
1630032829,66.60,15.80,35,1.38,12.31,0
1630032889,67.50,15.70,46,1.37,12.31,0
1630032950,66.80,15.80,45,1.38,12.31,0
1630033011,66.60,15.80,37,1.37,12.31,0
1630033072,66.90,15.80,33,1.37,12.31,0
1630033132,66.80,15.70,38,1.38,12.31,0
1630033193,67.30,15.70,39,1.38,12.31,0
1630033254,66.80,15.70,36,1.38,12.31,0
1630033314,67.20,15.70,34,1.37,12.31,0
1630033375,67.40,15.70,36,1.38,12.31,0
1630033436,68.00,15.70,37,1.37,12.31,0
1630033497,67.50,15.60,43,1.37,12.31,0
1630033557,68.00,15.70,40,1.38,12.31,0
1630033618,67.70,15.60,34,1.37,12.25,0
1630033679,68.10,15.60,39,1.37,12.25,0
1630033739,68.00,15.60,38,1.37,12.25,0
1630033800,68.30,15.70,34,1.37,12.31,0
1630033861,68.60,15.60,43,1.38,12.25,0
1630033922,68.40,15.60,37,1.38,12.25,0
1630033982,68.50,15.60,36,1.37,12.25,0
1630034043,68.70,15.60,40,1.37,12.25,0
1630034104,68.80,15.60,35,1.37,12.25,0
1630034164,68.90,15.60,43,1.37,12.25,0
1630034225,69.00,15.60,34,1.37,12.25,0
1630034286,69.20,15.60,36,1.38,12.25,0
1630034347,69.30,15.50,41,1.37,12.25,0
1630034407,69.50,15.50,40,1.38,12.25,0
1630034468,69.40,15.60,41,1.37,12.25,0
1630034529,69.70,15.60,36,1.37,12.25,0
1630034590,70.30,15.50,36,1.38,12.25,0
1630034650,70.20,15.50,40,1.38,12.25,0
1630034711,70.10,15.60,36,1.38,12.25,0
1630034772,70.00,15.60,39,1.38,12.25,0
1630034832,70.00,15.70,37,1.38,12.25,0
1630034893,69.80,15.70,37,1.38,12.25,0
1630034954,70.00,15.70,40,1.37,12.25,0
1630035015,70.00,15.70,42,1.38,12.25,0
1630035075,69.70,15.80,48,1.38,12.25,0
1630035136,70.00,15.80,38,1.38,12.25,0
1630035197,69.90,15.80,35,1.37,12.25,0
1630035257,70.30,15.70,35,1.38,12.25,0
1630035318,70.70,15.60,40,1.38,12.25,0
1630035379,71.00,15.70,40,1.37,12.25,0
1630035440,70.90,15.60,40,1.38,12.25,0
1630035500,71.00,15.70,37,1.38,12.25,0
1630035561,70.90,15.70,36,1.38,12.25,0
1630035622,70.90,15.70,36,1.38,12.25,0
1630035682,70.90,15.60,39,1.38,12.25,0
1630035743,70.90,15.70,37,1.38,12.25,0
1630035804,70.70,15.70,33,1.38,12.25,0
1630035865,70.70,15.70,42,1.38,12.25,0
1630035925,70.80,15.70,35,1.38,12.25,0
1630035986,71.00,15.70,38,1.38,12.19,0
1630036047,71.00,15.70,33,1.38,12.25,0
1630036107,71.00,15.70,40,1.37,12.19,0
1630036168,71.30,15.60,45,1.38,12.25,0
1630036229,71.40,15.60,41,1.37,12.19,0
1630036290,71.60,15.70,38,1.38,12.19,0
1630036350,71.40,15.70,42,1.37,12.19,0
1630036411,71.80,15.70,35,1.37,12.19,0
1630036472,71.50,15.70,43,1.37,12.19,0
1630036532,71.50,15.70,36,1.37,12.19,0
1630036593,71.80,15.60,37,1.38,12.19,0
1630036654,72.10,15.60,37,1.37,12.19,0
1630036715,72.00,15.50,35,1.37,12.19,0
1630036775,72.50,15.50,38,1.37,12.19,0
1630036836,72.30,15.50,36,1.37,12.19,0
1630036897,72.20,15.50,40,1.37,12.19,0
1630036957,72.10,15.60,42,1.37,12.19,0
1630037018,71.90,15.60,35,1.37,12.19,0
1630037079,72.40,15.60,36,1.37,12.19,0
1630037140,72.20,15.50,42,1.37,12.19,0
1630037200,72.10,15.50,34,1.37,12.19,0
1630037261,72.10,15.50,38,1.37,12.19,0
1630037322,72.40,15.50,35,1.37,12.19,0
1630037382,72.50,15.40,40,1.37,12.19,0
1630037443,72.50,15.50,39,1.37,12.19,0
1630037504,72.50,15.50,36,1.37,12.19,0
1630037565,72.90,15.50,36,1.37,12.19,0
1630037625,72.80,15.40,50,1.37,12.19,0
1630037686,72.80,15.40,36,1.37,12.19,0
1630037747,73.10,15.40,36,1.37,12.19,0
1630037807,72.60,15.40,39,1.37,12.19,0
1630037868,72.50,15.50,35,1.37,12.19,0
1630037929,73.00,15.40,38,1.37,12.19,0
1630037990,73.00,15.30,37,1.37,12.19,0
1630038050,73.00,15.40,33,1.37,12.19,0
1630038111,73.10,15.30,35,1.37,12.19,0
1630038172,73.60,15.30,37,1.37,12.19,0
1630038232,73.50,15.30,36,1.36,12.19,0
1630038293,73.60,15.20,33,1.36,12.19,0
1630038354,73.70,15.20,34,1.37,12.19,0
1630038415,74.20,15.20,34,1.37,12.19,0
1630038475,74.40,15.10,37,1.37,12.13,0
1630038536,74.70,15.00,41,1.37,12.13,0
1630038597,74.60,15.10,38,1.37,12.19,0
1630038657,74.30,15.10,7,1.37,12.19,0
1630038718,74.30,15.20,7,1.37,12.13,0
1630038779,74.00,15.10,10,1.37,12.19,0
1630038840,74.10,15.20,5,1.37,12.13,0
1630038900,74.40,15.20,6,1.36,12.13,0
1630038961,74.10,15.10,8,1.36,12.13,0
1630039022,74.20,15.10,8,1.37,12.13,0
1630039082,74.10,15.10,5,1.37,12.19,0
1630039143,74.70,15.10,6,1.37,12.13,0
1630039204,75.10,15.00,7,1.36,12.13,0
1630039265,75.30,14.90,9,1.37,12.13,0
1630039325,75.00,15.00,6,1.36,12.13,0
1630039386,75.10,15.00,7,1.37,12.13,0
1630039447,75.20,15.00,7,1.36,12.13,0
1630039507,75.40,14.90,5,1.37,12.13,0
1630039568,75.40,14.80,7,1.37,12.13,0
1630039629,75.70,14.90,8,1.37,12.13,0
1630039690,75.50,14.90,8,1.36,12.13,0
1630039750,75.50,14.90,6,1.37,12.13,0
1630039811,75.50,14.90,7,1.36,12.13,0
1630039872,75.90,14.90,8,1.36,12.13,0
1630039933,75.50,14.90,8,1.37,12.13,0
1630039993,75.50,14.90,9,1.37,12.13,0
1630040054,75.50,14.90,7,1.36,12.13,0
1630040115,75.50,14.90,10,1.37,12.13,0
1630040175,75.50,15.00,5,1.36,12.13,0
1630040236,75.20,15.00,6,1.36,12.13,0
1630040297,75.50,14.90,6,1.37,12.13,0
1630040358,75.50,14.90,6,1.36,12.13,0
1630040418,75.80,14.90,6,1.37,12.13,0
1630040479,75.70,14.80,5,1.37,12.13,0
1630040540,75.90,14.80,4,1.36,12.13,0
1630040600,76.00,14.80,5,1.36,12.13,0
1630040661,75.90,14.80,4,1.36,12.13,0
1630040722,76.30,14.80,7,1.37,12.13,0
1630040783,76.40,14.80,5,1.36,12.13,0
1630040843,76.00,14.80,9,1.36,12.13,0
1630040904,75.90,14.80,5,1.37,12.13,0
1630040965,76.20,14.80,4,1.36,12.06,0
1630041025,76.10,14.80,7,1.36,12.06,0
1630041086,76.40,14.70,4,1.36,12.06,0
1630041147,76.30,14.80,4,1.36,12.13,0
1630041208,76.80,14.70,4,1.36,12.06,0
1630041268,76.70,14.70,5,1.36,12.06,0
1630041329,76.90,14.70,4,1.36,12.06,0
1630041390,77.00,14.70,3,1.36,12.06,0
1630041450,77.10,14.60,5,1.36,12.06,0
1630041511,77.00,14.70,8,1.36,12.06,0
1630041572,76.50,14.70,5,1.36,12.06,0
1630041633,76.70,14.80,4,1.36,12.06,0
1630041693,76.30,14.80,4,1.37,12.06,0
1630041754,76.50,14.90,9,1.36,12.06,0
1630041815,75.80,14.90,4,1.36,12.06,0
1630041875,76.10,14.90,8,1.36,12.06,0
1630041936,75.50,15.00,4,1.36,12.06,0
1630041997,75.60,15.00,5,1.36,12.06,0
1630042058,75.60,15.00,6,1.36,12.06,0
1630042118,75.00,15.10,6,1.36,12.06,0
1630042179,74.80,15.10,4,1.36,12.06,0
1630042240,75.20,15.10,5,1.36,12.06,0
1630042300,74.90,15.20,4,1.36,12.06,0
1630042361,75.60,15.10,4,1.36,12.06,0
1630042422,75.30,15.10,6,1.36,12.06,0
1630042483,75.40,15.10,4,1.36,12.06,0
1630042543,75.70,15.10,6,1.36,12.06,0
1630042604,75.20,15.10,6,1.36,12.06,0
1630042665,74.80,15.20,4,1.36,12.06,0
1630042725,74.60,15.20,4,1.36,12.06,0
1630042786,75.00,15.20,4,1.36,12.06,0
1630042847,75.60,15.20,7,1.36,12.06,0
1630042908,74.70,15.20,4,1.36,12.06,0
1630042968,74.60,15.20,5,1.36,12.06,0
1630043029,74.50,15.20,7,1.36,12.06,0
1630043090,74.40,15.30,4,1.36,12.06,0
1630043150,74.30,15.30,8,1.35,12.06,0
1630043211,74.40,15.30,5,1.35,12.06,0
1630043272,74.50,15.30,4,1.36,12.06,0
1630043333,74.10,15.30,4,1.35,12.06,0
1630043393,75.00,15.30,3,1.36,12.06,0
1630043454,74.90,15.30,7,1.36,12.06,0
1630043515,74.50,15.20,4,1.36,12.06,0
1630043575,74.40,15.30,8,1.36,12.06,1
1630043636,74.50,15.30,4,1.36,12.06,2
1630043697,74.70,15.30,6,1.36,12.06,5
1630043758,74.60,15.20,4,1.36,12.06,8
1630043818,74.70,15.20,6,1.36,12.06,13
1630043879,74.80,15.20,4,1.36,12.06,18
1630043940,74.70,15.30,3,1.36,12.06,26
1630044000,74.80,15.20,5,1.36,12.06,33
1630044061,74.90,15.20,4,1.36,12.06,44
1630044122,75.50,15.20,5,1.36,12.06,60
1630044183,75.30,15.20,6,1.35,12.06,79
1630044243,75.10,15.20,4,1.35,12.06,108
1630044304,75.10,15.20,4,1.35,12.06,139
1630044365,74.80,15.20,6,1.36,12.06,176
1630044425,75.00,15.30,4,1.36,12.06,219
1630044486,75.00,15.30,4,1.36,12.06,269
1630044547,75.20,15.20,5,1.35,12.06,336
1630044608,75.10,15.20,8,1.35,12.06,421
1630044668,74.90,15.30,4,1.36,12.06,524
1630044729,75.00,15.30,5,1.35,12.06,653
1630044790,75.20,15.30,9,1.35,12.06,804
1630044850,74.90,15.30,6,1.36,12.06,988
1630044911,74.70,15.30,5,1.35,12.06,1206
1630044972,74.70,15.40,6,1.35,12.06,1483
1630045033,74.40,15.40,4,1.35,12.06,1804
1630045093,74.60,15.40,5,1.35,12.06,2189
1630045154,74.70,15.40,8,1.35,12.06,2615
1630045215,74.40,15.40,4,1.35,12.06,3106
1630045276,74.70,15.50,4,1.35,12.06,3661
1630045336,74.70,15.40,5,1.35,12.06,4202
1630045397,74.80,15.40,5,1.35,12.06,4870
1630045458,74.70,15.40,6,1.35,12.06,5511
1630045518,74.60,15.40,6,1.35,12.06,6210
1630045579,74.90,15.40,5,1.35,12.06,7044
1630045640,74.80,15.40,6,1.35,12.06,7924
1630045701,74.60,15.40,8,1.35,12.06,8719
1630045761,74.90,15.40,6,1.35,12.06,9361
1630045822,74.90,15.40,5,1.35,12.06,10102
1630045883,74.90,15.40,5,1.35,12.06,11085
1630045943,75.10,15.40,5,1.35,12.06,12332
1630046004,75.60,15.40,8,1.35,12.06,13558
1630046065,74.50,15.50,7,1.35,12.06,15004
1630046126,74.50,15.50,7,1.35,12.06,16782
1630046186,74.80,15.50,6,1.35,12.06,18279
1630046247,74.50,15.50,6,1.35,12.06,19439
1630046308,74.50,15.50,5,1.35,12.06,20883
1630046368,74.70,15.50,7,1.35,12.06,22087
1630046429,75.00,15.50,8,1.35,12.06,23197
1630046490,74.80,15.50,7,1.35,12.06,25112
1630046551,74.50,15.50,7,1.35,12.06,27105
1630046611,75.40,15.50,8,1.35,12.06,29101
1630046672,74.70,15.50,5,1.35,12.06,31718
1630046733,74.70,15.50,6,1.35,12.06,35271
1630046793,74.90,15.40,6,1.35,12.06,40452
1630046854,74.90,15.50,7,1.35,12.06,45635
1630046915,75.30,15.50,33,1.35,12.06,49266
1630046976,75.00,15.50,34,1.35,12.06,52433
1630047036,74.60,15.50,33,1.34,12.06,54701
1630047097,74.80,15.50,33,1.35,12.06,55699
1630047158,75.20,15.50,35,1.35,12.06,57698
1630047218,75.40,15.60,36,1.35,12.06,58914
1630047279,74.70,15.60,37,1.34,12.06,60879
1630047340,74.20,15.70,33,1.35,12.06,61992
1630047401,74.60,15.70,34,1.35,12.06,63669
1630047461,74.80,15.60,34,1.35,12.06,64989
1630047522,74.80,15.70,43,1.34,12.06,64386
1630047583,74.00,15.70,9,1.34,12.06,62806
1630047643,74.00,15.80,8,1.34,12.06,60547
1630047704,74.70,15.80,11,1.35,12.06,58092
1630047765,73.60,15.80,9,1.35,12.13,58290
1630047826,73.70,15.80,12,1.35,12.06,61141
1630047886,73.40,15.90,16,1.35,12.06,65345
1630047947,73.50,15.90,10,1.35,12.13,65535
1630048008,73.70,15.90,9,1.35,12.13,65535
1630048068,73.80,15.90,9,1.35,12.13,65535
1630048129,73.40,15.90,15,1.35,12.06,65535
1630048190,73.20,15.90,13,1.35,12.13,65535
1630048251,73.10,16.00,8,1.35,12.13,65535
1630048311,73.70,16.00,9,1.34,12.13,65535
1630048372,73.10,16.00,8,1.35,12.06,65535
1630048433,72.60,16.10,10,1.34,12.13,65535
1630048493,73.20,16.10,3,1.35,12.13,65535
1630048554,73.20,16.20,9,1.35,12.13,65535
1630048615,72.00,16.20,11,1.34,12.13,65535
1630048676,72.30,16.30,14,1.35,12.13,65535
1630048736,72.10,16.40,9,1.35,12.13,65535
1630048797,71.50,16.40,11,1.34,12.13,65535
1630048858,71.40,16.40,4,1.34,12.13,65535
1630048919,71.30,16.40,4,1.34,12.13,65535
1630048979,71.20,16.50,5,1.34,12.13,65535
1630049040,70.90,16.50,4,1.35,12.13,65535
1630049101,70.90,16.50,5,1.35,12.13,65535
1630049161,71.00,16.50,4,1.34,12.13,65535
1630049222,71.30,16.50,4,1.34,12.13,65535
1630049283,71.70,16.50,4,1.34,12.13,65535
1630049344,71.20,16.50,3,1.35,12.13,65535
1630049404,71.10,16.50,3,1.35,12.13,65535
1630049465,71.30,16.50,7,1.34,12.13,65535
1630049526,71.00,16.50,4,1.34,12.13,65535
1630049586,71.50,16.50,7,1.35,12.13,65535
1630049647,72.00,16.40,4,1.35,12.13,65535
1630049708,72.00,16.40,2,1.34,12.13,65535
1630049769,71.90,16.40,2,1.34,12.19,65535
1630049829,73.30,16.40,4,1.34,12.13,65535
1630049890,74.90,16.40,3,1.35,12.13,65535
1630049951,75.20,16.40,3,1.34,12.13,65535
1630050011,76.60,16.30,4,1.34,12.13,65535
1630050072,76.70,16.20,4,1.34,12.13,65535
1630050133,76.60,16.10,3,1.34,12.13,65535
1630050194,77.20,16.10,3,1.34,12.13,65535
1630050254,79.10,16.00,4,1.34,12.13,65535
1630050315,77.10,15.90,7,1.34,12.13,65535
1630050376,77.90,15.80,5,1.34,12.13,65535
1630050436,77.40,15.90,7,1.34,12.13,65535
1630050497,76.70,15.80,4,1.34,12.13,65535
1630050558,78.20,15.90,12,1.34,12.19,65535
1630050619,77.30,15.80,5,1.35,12.19,65535
1630050679,76.60,15.80,4,1.34,12.19,65535
1630050740,76.80,15.80,4,1.33,12.19,65535
1630050801,77.90,15.90,6,1.34,12.19,65535
1630050861,76.00,15.90,7,1.33,12.19,65535
1630050922,75.90,15.90,4,1.34,12.19,65535
1630050983,76.40,15.90,7,1.34,12.19,65535
1630051044,76.60,15.90,5,1.34,12.19,65535
1630051104,75.90,15.90,4,1.34,12.19,65535
1630051165,75.50,15.90,4,1.34,12.19,65535
1630051226,77.50,16.00,7,1.34,12.19,65535
1630051287,74.80,16.00,6,1.34,12.19,65535
1630051347,76.90,16.00,6,1.34,12.19,65535
1630051408,75.00,16.10,4,1.33,12.19,65535
1630051469,75.30,16.20,2,1.33,12.19,65535
1630051529,75.80,16.20,4,1.34,12.19,65535
1630051590,73.80,16.30,2,1.34,12.19,65535
1630051651,75.70,16.40,3,1.34,12.19,65535
1630051712,73.40,16.40,3,1.33,12.19,65535
1630051772,73.20,16.50,2,1.34,12.19,65535
1630051833,74.20,16.50,3,1.33,12.19,65535
1630051894,73.60,16.60,5,1.33,12.19,65535
1630051954,72.60,16.70,2,1.33,12.19,65535
1630052015,74.30,16.70,3,1.33,12.19,65535
1630052076,73.30,16.80,5,1.33,12.25,65535
1630052137,71.80,16.90,7,1.33,12.25,65535
1630052197,71.60,16.90,5,1.33,12.19,65535
1630052258,71.10,16.90,4,1.33,12.19,65535
1630052319,71.50,17.00,5,1.33,12.25,65535
1630052379,71.50,17.00,6,1.33,12.25,65535
1630052440,71.20,17.00,6,1.33,12.25,65535
1630052501,69.90,17.00,6,1.33,12.25,65535
1630052562,70.30,17.00,9,1.33,12.25,65535
1630052622,70.30,17.10,6,1.33,12.25,65535
1630052683,69.80,17.20,12,1.33,12.25,65535
1630052744,69.90,17.20,40,1.33,12.25,65535
1630052804,68.30,17.20,33,1.33,12.25,65535
1630052865,70.50,17.30,35,1.33,12.25,65535
1630052926,69.40,17.30,33,1.33,12.25,65535
1630052987,69.50,17.40,34,1.33,12.25,65535
1630053047,68.70,17.40,33,1.33,12.25,65535
1630053108,68.50,17.60,37,1.33,12.25,65535
1630053169,66.90,17.60,34,1.32,12.25,65535
1630053229,68.90,17.70,47,1.33,12.25,65535
1630053290,66.30,17.70,36,1.33,12.31,65535
1630053351,67.30,17.70,40,1.32,12.31,65535
1630053412,66.60,17.80,37,1.33,12.31,65535
1630053472,67.00,17.80,39,1.33,12.31,65535
1630053533,66.90,17.80,39,1.33,12.31,65535
1630053594,66.20,17.80,35,1.33,12.31,65535
1630053655,66.70,17.90,41,1.32,12.31,65535
1630053715,66.70,18.00,34,1.33,12.31,65535
1630053776,67.10,18.10,39,1.33,12.31,65535
1630053837,64.60,18.20,40,1.33,12.31,65535
1630053897,64.60,18.30,34,1.33,12.31,65535
1630053958,64.50,18.30,36,1.32,12.31,65535
1630054019,65.50,18.40,9,1.32,12.38,65535
1630054080,64.30,18.50,9,1.33,12.38,65535
1630054140,63.70,18.60,33,1.32,12.38,65535
1630054201,64.40,18.80,47,1.32,12.38,65535
1630054262,62.30,18.80,37,1.32,12.38,65535
1630054322,63.20,18.80,39,1.32,12.38,65535
1630054383,63.80,18.80,34,1.33,12.38,65535
1630054444,62.40,18.90,37,1.33,12.38,65535
1630054505,61.90,19.00,38,1.32,12.38,65535
1630054565,61.80,18.90,39,1.32,12.38,65535
1630054626,61.90,18.90,35,1.33,12.38,65535
1630054687,62.70,18.90,36,1.32,12.38,65535
1630054748,61.80,18.70,35,1.33,12.38,65535
1630054808,62.10,18.70,36,1.32,12.44,65535
1630054869,61.90,18.80,34,1.32,12.44,65535
1630054930,61.90,18.90,38,1.32,12.44,65535
1630054990,61.60,18.90,35,1.32,12.44,65535
1630055051,62.40,18.90,38,1.32,12.44,65535
1630055112,61.10,19.00,39,1.32,12.44,65535
1630055173,61.00,18.90,34,1.32,12.44,65535
1630055233,62.10,19.00,39,1.32,12.44,65535
1630055294,61.70,18.90,36,1.32,12.44,65535
1630055355,61.40,18.90,38,1.32,12.44,65535
1630055415,61.60,18.90,39,1.32,12.44,65535
1630055476,61.40,18.90,37,1.32,12.50,65535
1630055537,61.60,18.90,33,1.32,12.50,65535
1630055598,61.90,19.00,36,1.32,12.50,65535
1630055658,60.40,19.00,37,1.32,12.50,65535
1630055719,60.60,19.00,38,1.32,12.50,65535
1630055780,60.90,19.00,34,1.32,12.50,65535
1630055840,60.50,19.20,35,1.31,12.50,65535
1630055901,59.20,19.40,35,1.32,12.50,65535
1630055962,59.00,19.40,37,1.30,12.50,65535
1630056023,59.00,19.80,35,1.31,12.56,65535
1630056083,57.50,20.30,34,1.31,12.50,65535
1630056144,55.50,20.60,36,1.31,12.56,65535
1630056205,54.80,20.80,41,1.32,12.56,65535
1630056266,53.60,20.80,35,1.32,12.56,65535
1630056326,54.30,20.80,39,1.32,12.56,65535
1630056387,53.10,20.80,37,1.32,12.56,65535
1630056448,54.10,20.70,36,1.31,12.56,65535
1630056508,53.60,20.80,36,1.32,12.56,65535
1630056569,53.10,20.90,39,1.32,12.56,65535
1630056630,52.50,20.90,40,1.32,12.63,65535
1630056691,52.30,20.80,38,1.32,12.63,65535
1630056751,52.40,20.80,38,1.32,12.63,65535
1630056812,53.00,20.90,39,1.32,12.63,65535
1630056873,52.20,20.90,38,1.32,12.63,65535
1630056934,52.90,20.80,41,1.31,12.63,65535
1630056994,52.30,20.70,36,1.80,12.63,65535
1630057055,53.90,20.80,35,1.32,12.69,65535
1630057116,52.30,21.00,36,1.32,12.69,65535
1630057176,51.30,21.10,42,1.32,12.69,65535
1630057237,51.20,21.00,41,1.32,12.69,65535
1630057298,51.50,21.00,36,1.31,12.69,65535
1630057359,51.40,21.00,38,1.31,12.69,65535
1630057419,51.10,21.10,36,1.31,12.69,65535
1630057480,50.60,21.30,36,1.28,12.69,65535
1630057541,50.30,22.10,35,1.31,12.75,65535
1630057601,48.90,22.60,40,1.31,12.75,65535
1630057662,46.90,22.70,36,1.32,12.75,65535
1630057723,48.20,22.70,38,1.32,12.75,65535
1630057784,46.10,22.80,34,1.32,12.75,65535
1630057844,47.20,22.80,40,1.32,12.75,65535
1630057905,46.70,22.70,41,1.32,12.81,65535
1630057966,46.40,22.50,37,1.32,12.81,65535
1630058027,47.10,22.30,41,1.32,12.81,65535
1630058087,46.30,22.10,35,1.32,12.81,65535
1630058148,47.00,22.00,34,1.31,12.81,65535
1630058209,46.80,22.10,35,1.32,12.81,65535
1630058269,46.80,22.10,33,1.32,12.81,65535
1630058330,47.30,22.30,38,1.31,12.88,65535
1630058391,47.30,22.50,35,1.31,12.88,65535
1630058452,45.90,22.50,34,1.31,12.88,65535
1630058512,46.30,22.70,36,1.31,12.88,65535
1630058573,46.20,22.80,38,1.31,12.88,65535
1630058634,45.80,22.90,41,1.31,12.88,65535
1630058695,45.40,23.00,38,1.31,12.88,65535
1630058755,44.90,23.10,33,1.31,12.94,65535
1630058816,45.30,23.20,33,1.31,12.94,65535
1630058877,44.40,23.30,34,1.31,12.94,65535
1630058937,45.00,23.50,39,1.31,12.94,65535
1630058998,43.90,23.50,34,1.31,12.94,65535
1630059059,43.20,23.60,33,1.30,13.00,65535
1630059120,44.20,23.70,33,1.31,13.00,65535
1630059180,44.70,23.90,46,1.31,13.00,65535
1630059241,42.10,23.60,38,1.31,13.00,65535
1630059302,43.70,23.40,38,1.31,13.00,65535
1630059363,43.60,23.40,37,1.32,13.00,65535
1630059423,43.90,23.40,39,1.31,13.06,65535
1630059484,43.60,23.40,35,1.29,13.06,65535
1630059545,43.50,23.40,43,1.30,13.06,65535
1630059605,43.10,23.40,38,1.30,13.06,65535
1630059666,43.20,23.60,45,1.30,13.06,65535
1630059727,42.60,23.50,41,1.30,13.13,65535
1630059788,42.40,23.60,35,1.29,13.06,65535
1630059848,42.30,24.10,40,1.30,13.13,65535
1630059909,40.90,24.70,39,1.31,13.13,65535
1630059970,39.70,24.90,34,1.31,13.13,65535
1630060031,40.70,25.40,49,1.30,13.19,65535
1630060091,38.30,25.60,49,1.31,13.19,65535
1630060152,38.40,25.10,41,1.31,13.19,65535
1630060213,38.90,24.60,46,1.30,13.19,65535
1630060274,38.50,24.50,40,1.30,13.19,65535
1630060334,39.40,24.70,38,1.29,13.19,65535
1630060395,39.20,25.10,41,1.29,13.19,65535
1630060456,37.60,25.50,40,1.28,13.25,65535
1630060516,37.00,26.20,37,1.28,13.25,65535
1630060577,37.40,26.30,46,1.28,13.31,65535
1630060638,35.40,26.40,35,1.29,13.31,65535
1630060699,36.20,27.00,36,1.29,13.31,65535
1630060759,34.60,27.80,38,1.32,13.31,65535
1630060820,34.90,27.30,33,1.31,13.38,65535
1630060881,35.60,27.60,37,1.29,13.38,65535
1630060942,36.10,27.50,42,1.31,13.38,65535
1630061002,34.10,27.10,42,1.28,13.38,65535
1630061063,34.10,26.30,47,1.31,13.38,65535
1630061124,34.60,25.50,41,1.31,13.38,65535
1630061185,36.30,25.40,45,1.28,13.44,65535
1630061245,36.00,25.20,41,1.29,13.44,65535
1630061306,36.20,25.60,43,1.31,13.44,65535
1630061367,35.50,25.80,43,1.29,13.50,65535
1630061427,35.40,25.60,41,1.32,13.50,65535
1630061488,35.90,25.90,44,1.30,13.50,65535
1630061549,35.50,25.80,40,1.30,13.50,65535
1630061610,35.10,25.40,35,1.31,13.56,65535
1630061670,36.00,25.50,41,1.31,13.56,65535
1630061731,35.60,25.20,52,1.31,13.56,65535
1630061792,36.10,24.60,40,1.32,13.56,65535
1630061853,38.00,24.50,37,1.32,13.56,65535
1630061913,37.20,24.50,39,1.32,13.56,65535
1630061974,38.40,24.10,35,1.32,13.56,65535
1630062035,39.10,24.20,35,1.30,13.56,65535
1630062095,38.70,24.50,36,1.31,13.63,65535
1630062156,37.70,24.60,36,1.32,13.63,65535
1630062217,37.30,24.70,44,1.31,13.63,65535
1630062278,37.20,24.10,37,1.30,13.63,65535
1630062338,39.00,24.40,35,1.27,13.69,65535
1630062399,38.70,24.80,33,1.27,13.69,65535
